%YAML:1.0
---
rvec: !!opencv-matrix
   rows: 3
   cols: 1
   dt: d
   data: [ 1.6214459811356954e+00, -4.3260430454539095e-01,
       4.0038910955136936e-01 ]
tvec: !!opencv-matrix
   rows: 3
   cols: 1
   dt: d
   data: [ -3.2457892620885351e+00, 1.5963815099825672e+01,
       -9.4606232203932237e+01 ]
avg_reprojection_error: 3.4273755320746511e+00
