%YAML:1.0
---
image_width: 2560.
image_height: 1440.
flags: 1.
camera_matrix: !!opencv-matrix
   rows: 3
   cols: 3
   dt: d
   data: [ 3.6929161618843600e+03, 0., 1280., 0., 3.6839770074038524e+03,
       720., 0., 0., 1. ]
distortion_coefficients: !!opencv-matrix
   rows: 5
   cols: 1
   dt: d
   data: [ -3.8682729776656283e-01, 2.1017717525407434e-01,
       3.5623852256921364e-04, 9.6586038054704407e-05,
       -3.7555081198423546e-02 ]
avg_reprojection_error: 3.4273755320746511e+00
outlier_rate: 0.
is_fisheye: 0.
focal_length_scale: 1.3271320942049063e+00
